# unix_time, cycles_done, cur_path, paths_total, pending_total, pending_favs, map_size, unique_crashes, unique_hangs, max_depth, execs_per_sec
1569962873, 0, 0, 1, 1, 1, 0.04%, 0, 0, 1, 2000.00
1569962878, 0, 0, 46, 46, 1, 0.06%, 0, 0, 2, 3363.10
1569962883, 0, 0, 54, 54, 1, 0.06%, 0, 0, 2, 3589.85
1569962888, 0, 24, 55, 54, 5, 0.06%, 0, 0, 2, 3693.64
1569962893, 0, 39, 55, 51, 2, 0.06%, 0, 0, 2, 3676.41
1569962898, 0, 39, 56, 52, 2, 0.06%, 0, 0, 3, 3675.62
1569962903, 0, 43, 60, 55, 2, 0.06%, 0, 0, 3, 3677.63
1569962908, 0, 43, 62, 57, 2, 0.06%, 0, 0, 3, 3711.75
1569962913, 0, 45, 63, 57, 1, 0.06%, 0, 0, 3, 3699.16
1569962918, 0, 58, 65, 58, 0, 0.06%, 0, 0, 4, 3692.39
1569962923, 0, 61, 65, 57, 0, 0.06%, 0, 0, 4, 3704.29
1569962928, 1, 1, 65, 56, 0, 0.06%, 0, 0, 4, 2814.95
1569962934, 1, 4, 65, 55, 0, 0.06%, 0, 0, 4, 2229.19
1569962939, 1, 12, 65, 54, 0, 0.06%, 0, 0, 4, 2675.00
1569962944, 1, 18, 65, 53, 0, 0.06%, 0, 0, 4, 2605.36
1569962954, 1, 32, 65, 51, 0, 0.06%, 0, 0, 4, 2062.51
1569962964, 1, 36, 65, 50, 0, 0.06%, 0, 0, 4, 2161.22
1569962975, 1, 47, 65, 49, 0, 0.06%, 0, 0, 4, 2510.81
1569962980, 1, 60, 65, 48, 0, 0.06%, 0, 0, 4, 2304.77
1569962985, 1, 60, 66, 49, 0, 0.06%, 0, 0, 4, 2689.25
1569962990, 2, 5, 66, 48, 0, 0.06%, 0, 0, 4, 2602.14
1569962995, 2, 6, 66, 47, 0, 0.06%, 0, 0, 4, 2913.30
1569963000, 2, 7, 66, 46, 0, 0.06%, 0, 0, 4, 2960.97
1569963005, 2, 21, 67, 45, 0, 0.06%, 0, 0, 4, 3029.84
1569963010, 2, 30, 67, 44, 0, 0.06%, 0, 0, 4, 3009.73
1569963015, 2, 38, 67, 43, 0, 0.06%, 0, 0, 4, 2945.48
1569963020, 2, 42, 67, 42, 0, 0.06%, 0, 0, 4, 3042.13
1569963025, 2, 49, 67, 41, 0, 0.06%, 0, 0, 4, 2805.88
1569963030, 2, 66, 67, 40, 0, 0.06%, 0, 0, 4, 2291.85
1569963041, 2, 67, 68, 40, 0, 0.06%, 0, 0, 4, 2411.29
1569963056, 2, 67, 72, 44, 0, 0.06%, 0, 0, 5, 2880.31
1569963061, 2, 67, 73, 45, 0, 0.06%, 0, 0, 5, 2729.13
1569963066, 2, 71, 73, 44, 0, 0.06%, 0, 0, 5, 2360.13
1569963081, 2, 72, 73, 43, 0, 0.06%, 0, 0, 5, 2779.42
1569963096, 3, 22, 73, 41, 0, 0.06%, 0, 0, 5, 2690.70
1569963101, 3, 35, 73, 40, 0, 0.06%, 0, 0, 5, 2715.17
1569963107, 3, 44, 73, 39, 0, 0.06%, 0, 0, 5, 2577.77
1569963112, 3, 45, 73, 38, 0, 0.06%, 0, 0, 5, 2779.13
1569963117, 3, 53, 73, 37, 0, 0.06%, 0, 0, 5, 2823.85
1569963132, 3, 70, 73, 36, 0, 0.06%, 0, 0, 5, 2646.45
1569963147, 3, 70, 74, 37, 0, 0.06%, 0, 0, 6, 2171.14
1569963152, 4, 16, 74, 36, 0, 0.06%, 0, 0, 6, 2572.70
1569963157, 4, 28, 74, 35, 0, 0.06%, 0, 0, 6, 2548.34
1569963172, 4, 33, 74, 34, 0, 0.06%, 0, 0, 6, 2145.51
1569963177, 4, 54, 74, 33, 0, 0.06%, 0, 0, 6, 2430.30
1569963187, 4, 55, 74, 32, 0, 0.06%, 0, 0, 6, 2076.70
1569963193, 4, 65, 74, 31, 0, 0.06%, 0, 0, 6, 2367.79
1569963203, 4, 68, 74, 30, 0, 0.06%, 0, 0, 6, 2592.53
1569963218, 5, 11, 74, 29, 0, 0.06%, 0, 0, 6, 2693.32
1569963228, 5, 13, 74, 28, 0, 0.06%, 0, 0, 6, 2745.15
1569963233, 5, 25, 74, 27, 0, 0.06%, 0, 0, 6, 2470.95
1569963238, 5, 31, 75, 27, 0, 0.06%, 0, 0, 6, 2577.06
1569963244, 5, 41, 75, 26, 0, 0.06%, 0, 0, 6, 2675.88
1569963249, 5, 57, 75, 25, 0, 0.06%, 0, 0, 6, 2800.64
1569963259, 5, 64, 75, 24, 0, 0.06%, 0, 0, 6, 2972.11
1569963264, 6, 10, 75, 23, 0, 0.06%, 0, 0, 6, 2927.03
1569963269, 6, 16, 75, 22, 0, 0.06%, 0, 0, 6, 2775.32
1569963274, 6, 46, 75, 22, 0, 0.06%, 0, 0, 6, 2732.76
1569963279, 6, 51, 75, 21, 0, 0.06%, 0, 0, 6, 2752.21
1569963289, 6, 63, 75, 20, 0, 0.06%, 0, 0, 6, 2910.60
1569963299, 6, 74, 76, 20, 0, 0.06%, 0, 0, 6, 2853.18
1569963305, 6, 74, 78, 22, 0, 0.06%, 0, 0, 6, 2841.87
1569963310, 7, 2, 78, 21, 0, 0.06%, 0, 0, 6, 2815.60
1569963315, 7, 33, 78, 19, 0, 0.06%, 0, 0, 6, 2847.78
1569963320, 7, 40, 78, 19, 0, 0.06%, 0, 0, 6, 2907.99
1569963325, 7, 52, 78, 18, 0, 0.06%, 0, 0, 6, 2886.05
1569963330, 7, 62, 78, 17, 0, 0.06%, 0, 0, 6, 2835.34
1569963335, 7, 69, 79, 17, 0, 0.06%, 0, 0, 6, 2765.85
1569963350, 7, 77, 79, 16, 0, 0.06%, 0, 0, 6, 2739.11
1569963366, 7, 78, 79, 15, 0, 0.06%, 0, 0, 6, 2284.27
1569963381, 8, 9, 79, 14, 0, 0.06%, 0, 0, 6, 2771.04
1569963391, 8, 34, 79, 13, 0, 0.06%, 0, 0, 6, 3014.79
1569963396, 8, 75, 79, 12, 0, 0.06%, 0, 0, 6, 2949.09
1569963411, 8, 75, 80, 13, 0, 0.06%, 0, 0, 6, 2584.61
1569963417, 9, 8, 80, 12, 0, 0.06%, 0, 0, 6, 2448.79
1569963422, 9, 26, 80, 11, 0, 0.06%, 0, 0, 6, 2762.82
1569963432, 9, 37, 80, 10, 0, 0.06%, 0, 0, 6, 2647.68
1569963437, 9, 73, 80, 9, 0, 0.06%, 0, 0, 6, 2669.15
1569963447, 10, 27, 80, 8, 0, 0.06%, 0, 0, 6, 2998.10
1569963452, 10, 50, 80, 8, 0, 0.06%, 0, 0, 6, 2792.44
1569963457, 10, 59, 80, 7, 0, 0.06%, 0, 0, 6, 2817.54
1569963467, 10, 76, 80, 6, 0, 0.06%, 0, 0, 6, 2752.16
1569963477, 10, 76, 82, 8, 0, 0.06%, 1, 0, 6, 2313.15
1569963482, 10, 76, 85, 11, 0, 0.06%, 5, 0, 6, 2637.30
1569963487, 10, 81, 87, 12, 0, 0.06%, 6, 0, 6, 2681.90
1569963513, 10, 81, 92, 17, 0, 0.06%, 7, 0, 6, 2645.85
1569963518, 10, 81, 94, 19, 0, 0.06%, 7, 0, 6, 2681.72
1569963523, 10, 82, 97, 21, 0, 0.06%, 7, 0, 6, 2614.88
1569963573, 10, 82, 100, 24, 0, 0.06%, 7, 0, 6, 2452.27
1569963579, 10, 82, 104, 28, 0, 0.06%, 7, 0, 6, 2531.10
1569963584, 10, 88, 104, 27, 0, 0.06%, 7, 0, 6, 2534.17
1569963614, 10, 88, 105, 28, 0, 0.06%, 7, 0, 7, 4527.66
1569963619, 10, 88, 108, 31, 0, 0.06%, 7, 0, 7, 4354.42
1569963624, 10, 90, 109, 31, 0, 0.06%, 8, 0, 7, 3971.53
1569963685, 10, 90, 113, 35, 0, 0.06%, 8, 0, 7, 4278.19
1569963690, 10, 91, 118, 39, 0, 0.06%, 8, 0, 7, 4382.29
1569963731, 10, 94, 132, 52, 0, 0.06%, 8, 0, 7, 3862.64
1569963803, 10, 97, 142, 61, 0, 0.06%, 9, 0, 7, 3892.05
1569963869, 10, 99, 142, 60, 0, 0.06%, 9, 0, 7, 4108.07
1569963955, 10, 101, 142, 59, 0, 0.06%, 9, 0, 7, 3760.19
1569964067, 10, 101, 143, 60, 0, 0.06%, 9, 0, 7, 3963.70
1569964072, 10, 102, 143, 59, 0, 0.06%, 9, 0, 7, 3999.30
1569968072, 10, 102, 144, 60, 0, 0.06%, 10, 0, 7, 4151.75
1569968077, 10, 104, 144, 59, 0, 0.06%, 10, 0, 7, 3723.32
1569968178, 10, 108, 144, 58, 0, 0.06%, 10, 0, 7, 3331.39
1569968300, 10, 112, 144, 57, 0, 0.06%, 10, 0, 7, 3392.04
1569968477, 10, 112, 145, 58, 0, 0.06%, 10, 0, 8, 3416.47
1569968483, 10, 118, 145, 57, 0, 0.06%, 10, 0, 8, 3611.50
1569968696, 10, 119, 145, 56, 0, 0.06%, 10, 0, 8, 3449.33
1569969214, 10, 126, 145, 55, 0, 0.06%, 11, 0, 8, 3149.87
1569969886, 10, 133, 145, 54, 0, 0.06%, 11, 0, 8, 2374.40
